1.130391843406222341e+00
-1.653681770422270048e-01
5.064831194138681020e-02
-3.453418147852269637e-01
-4.740190070618383600e-01
4.263281617682423974e-02
-2.091024898096564832e-02
-1.245152152782260171e-02
-3.597606662227641194e-02
5.674457587204580211e-02
-2.751675915719734578e-01
1.080143568129003639e-01
3.054809567793790870e-01
5.508019627680554864e-02
-5.500688315804382889e-01
-7.415813384005670583e-02
4.804391984350322477e-03
-2.250496412880695352e-01
3.120898978561972292e-01
2.386828131364530925e-02
-3.981089638103045281e-01
8.090743419618177945e-02
2.879461320170737526e-01
-4.186320047115944104e-02
3.977169316079292583e-01
6.648558586912416135e-02
-2.575993202220823453e-02
3.040765542318024650e-01
3.019971496772013569e-02
1.278576224612061607e-01
-7.882830712602721668e-02
-3.698574746996851070e-01
-9.496148187040999444e-02
-5.971496175833387876e-02
-2.121951774568096027e-01
6.895840551039701671e-02
-2.705790388092660370e-01
-8.023568474214351487e-02
-2.300982124749965385e-01
-7.323853127964695398e-02
-3.898048049177957330e-01
-4.163874882099255492e-01
-7.599832236253714624e-02
-1.647490378763441510e-01
1.708163547625954626e-01
-2.178558470104645095e-01
1.898113098212806660e-01
-1.761655518112085206e-01
2.209493547893777998e-01
2.016547332696057293e-01
8.414112294667777658e-02
3.388700367817421011e-02
5.936370580242982670e-02
-3.850069656120425066e-01
-3.746781988400230690e-01
-4.087386168706423906e-01
4.759232858897758933e-01
-9.247891902922694696e-02
