601447805
751868118
1063656990
1043372830
1173244429
1147809809
1147809804
998745916
95020638
749717044
807743926
827047348
757345397
332308947
544395671
586929335
500998680
259120461
386522853
125860391
96980848
65372047
65362558
27819377
394743638
408905853
189009862
9628900
937424908
402502230
328545949
326537255
1031919449
954268379
221048143
684094908
561142803
21234419
20806069
55925641
1044672725
1044672724
512721854
1150146954
270358405
270358403
1173244421
1139918407
1119102217
408908118
33300803
154759349
66396483
62327499
33300797
971751130
1008861384
944326259
944326251
827047568
821316663
233800859
226597568
226232349
148877238
110084007
564614859
672550956
667699586
658307812
607064679
571137515
473973283
529217045
509141932
406356609
459642523
409786720
422937952
158120308
407868429
370882203
317171909
317160982
317160469
313139310
308814349
185357924
177807261
393186615
386363654
167583553
148828662
148828660
148828658
148828652
118647916
117949597
85813359
85662375
84663872
148724441
71658841
62327280
57790514
51980902
47177087
47177085
33300809
33300801
27573297
18702397
18702122
16507269
288966115
409104126
761719447
609253178
449147288
306478697
308814346
213496074
1207372392
1195007858
1195007855
971759545
985757642
372204042
83700361
590428243
661027740
591398108
422933785
342243406
83700363
83700359
1160538446
71658858
71658856
212681415
212681403
1070107239
1070107229
255987650
255987648
482677387
482677385
482651011
482651005
482650998
482650993
482650988
482650986
1153854574
1153854572
332290648
332290646
1063656998
1063656996
1192699187
1192699170
1147809908
1147809906
1033321020
1033321016
555928251
555928249
927371734
927371732
389581808
389581806
555928255
555928253
218148636
218148634
167832335
167832333
167832331
109390412
109390410
322840368
1243053820
1243053814
1133406990
1049012045
189178624
115350044
1111374696
1052487119
380877206
195535989
944326175
46359760
685511410
685511402
556333909
556333883
427082544
408355360
408355354
408355348
408355345
401829593
401829590
387600878
372204034
372204028
372199594
372199591
372199584
353212481
353212475
350528582
332290618
321961793
321961770
321961748
321961721
321961702
321958405
304360752
304360749
239740606
239740600
190336554
190336548
190336545
190336539
190336488
190336482
189178631
151266274
151266266
113200771
46359766
9626670
9626669
831918499
821316976
296005654
296005648
380877224
380877218
380877212
334847641
334847635
332290631
332290626
332290623
332290613
318088758
226466498
225847634
225847629
224808890
222822598
219552920
212928348
212928341
187476510
187476504
185357846
121614288
121614279
111118951
110084000
108516129
63252855
46393319
46393313
46393310
46393304
42794082
42794075
28867231
21594412
724734527
723633200
672550925
307715266
296011096
197322515
197322510
389581799
113200776
522834984
449147320
449147314
449147308
449147302
449147296
449147290
433660779
433660773
169822868
169822861
307691262
296006072
296006066
196049395
189426769
380469872
330370661
327409458
323148013
320202726
317160968
317160471
312234404
311788792
308814737
262530236
387600872
284925104
169803207
149980623
149980611
149980608
148734668
148734637
148734574
148734560
126640090
126031754
126030105
116294330
116294325
115353270
114067525
113972271
85667892
85667885
380877200
166162030
77734835
71658834
60683953
57790516
54646388
53851032
53851026
46359753
45390216
40804734
40804727
40804720
28972971
28972962
28867236
22128020
21911441
20340272
20279537
20279530
19352426
1245682284
190336522
190336519
1236513872
1236513865
1236513846
1236513813
667699588
1099188243
1149000147
971763594
1135523686
1016470544
1016470541
1119102234
1101511773
1101511768
1101511762
1083918381
1080157619
1080157612
1080157606
1080157603
1080157597
1080133831
1080133822
1080133814
1080133802
1080133791
1072239034
1052487876
1049012038
1041566277
1041566270
1037243191
1037243184
1024325399
1024325074
22128013
1005739447
985760900
944542951
944542945
944542942
944542936
971763219
948298175
761719709
761719698
723265763
684094920
655454951
655454945
530323617
530323611
530323600
530323590
317453636
317453629
302425263
302425257
221186001
190336536
190336530
938338339
517501494
827047341
803431972
803431965
372208450
254729459
254729452
226202299
224581835
189475229
20806024
554499500
727071831
698156011
698156004
672550944
283484027
262530243
240017693
635717091
635717084
530547436
612184434
601448486
537711884
571137508
306478709
565648329
537711860
498907910
498907897
509141529
506614352
393186607
459642399
448888981
410475055
203449525
303308462
294336486
281372524
379987781
331271216
317160975
209363620
209363613
296040248
296040240
261420948
233799733
224591438
219552927
193061633
190336512
166867487
122809020
380877236
380877229
60683946
29251557
29243881
29243860
29135250
20806021
1033320856
918020157
310288304
1197509317
229605058
529296147
194322731
18071198
532691875
40806838
308125297
189311148
404184314
404184289
404184272
404184255
386361875
333595893
315570366
313139312
313122770
387600895
168164403
1215959437
1197509325
1111413974
731188570
723274169
602260066
306478722
985761034
1238818162
1079495464
803432014
803431958
395652960
1002805301
1206255414
1206255411
1206255409
1046611144
1046611146
1046611142
1046611140
1046611138
1046611136
1002805313
1002805311
1002805309
1002805307
1002805305
1002805303
1002805299
1002819081
1002819079
1002819077
1002819069
1002819067
1002819065
1002819063
1002819061
326910948
326910946
326910944
326910942
270358326
255987646
255987644
255987642
1002819085
1002819083
1002819075
1002819051
1002819049
910312705
765536179
765536167
1238823751
1236513330
1150147164
1150147159
1150147156
1147809916
1147809913
1147809910
1101511781
1098945533
1098945524
1039027691
1039027688
1039027686
1013949524
332290611
332290590
332290587
918216566
918216563
918216561
391738072
391738075
391738070
170676274
170676271
170676268
113200760
113200758
113200755
113200752
113200750
109255267
109255260
524005182
524005153
160707859
530547424
218202718
352749709
115304324
918020145
686983180
72398362
242916041
242915933
50428964
50428958
50428954
30840968
268529022
177882060
176428594
72398332
30840962
395865409
395865403
1236513317
563398775
741021147
402783682
1188340317
1188340286
1079495473
1079495471
1024325393
1200177892
512721858
1236513303
1175889362
1173244241
1173244233
1159189023
1033320337
1099076132
1023464444
1021076642
725832255
971743857
189418877
512721874
348020285
321958368
308125285
189009855
253729529
918020047
731188577
1206255364
1102493212
1011055566
831918460
514361115
1236513353
255987656
255987654
255987652
194351527
194351525
194351523
194351521
194351519
194351517
212671448
1198410998
1028356461
918020090
441432845
358356468
481847811
117413398
944542956
944542954
21427656
21427654
19749338
19747285
15808065
15808067
314998981
170778501
426580887
1060285481
401829579
803431956
239828769
404184187
393248211
1181197098
388570521
388570304
1079485077
349641625
335352402
330370639
318054196
301173441
294872884
259120449
212499141
190336494
160700540
160700528
156447521
156447517
156447515
156447513
124249189
96980660
90093251
76803354
71647082
68989216
45004654
40254027
32490546
21553928
21492611
21427635
20087054
18677787
18652416
18652414
589875219
697403869
554967333
475155116
301173451
414089934
440382952
396587253
1236513347
1211677439
388570618
1159189030
1059198194
1033320845
765536147
386522667
319774833
298531304
697403849
570364799
526118368
664651923
557307417
1236513311
1149000141
1021076583
332925434
126010918
529154246
85718592
39163630
62327380
148717968
559797741
20087046
216905810
32469477
459642382
523587723
195546694
1126394225
749717105
723265767
456351080
1043460582
646313167
575768762
20806070
211774534
1173244223
928446963
684094911
85677467
727361099
561142790
21427645
18450251
18450244
9629345
169803200
21728357
190336506
18652418
357580105
166197717
85718599
37591172
1183946430
1052487868
961512574
697403857
662565991
1215835531
1215835523
1215835440
1115242057
944325882
254667440
224923880
171473627
156603882
14251190
396587246
242346753
360040865
352749693
313122763
211998869
386644969
160700642
156616260
145651764
116734779
110835685
71849435
20143432
154814487
1183989316
1070067120
1068359026
817050444
765702592
701219276
410118101
315506976
157939586
971762190
971750485
478755937
1046490007
998670837
723274152
723274148
330370654
1236512267
571350945
672550921
194351513
212681398
62362154
9635790
195546756
357579586
86515321
20153377
401829598
1215835515
1215835508
1198371084
1178041762
1183989322
326537265
1159189019
1150147038
1093605976
985757640
225908238
339276119
212498904
11067737
526118409
459642392
459642388
339276123
1197509005
355348571
355348567
355348565
1132372072
672215923
612184456
612184454
612184441
1028356562
1028356558
1028356550
1028356546
1028356542
1028356538
807743884
727071907
727071900
727071893
727071887
727071883
727071877
1236513829
1132372056
1041922756
1028356554
1028356534
727071924
807743881
807743875
927371728
807743919
1028356566
1028356530
727071858
1041922761
807743878
807743872
727071871
727071866
727071852
727071846
954267937
937424758
1215835584
372220275
658609087
658609077
1041922751
1041840718
472438220
49246207
548558394
190336491
49248517
323363050
1073625515
306478704
1016776523
823104939
66576233
212499466
219552908
62326506
1016776528
521967815
339276104
27311166
9627204
658310315
519904135
57790931
38638196
12084824
971753109
957801614
1189488906
820945149
591398030
83722567
56694721
30984428
656484226
1028356384
9629818
9625875
675510705
216905852
126882977
123318702
51557483
50313241
9629732
538447205
224020395
51874225
9633069
998246209
944325061
83642839
10140926
655872084
658607355
321496547
139472801
1073690607
954268182
388260063
49237297
1060285483
922073135
338209357
338209365
113200740
164429763
326631676
194268064
326631684
605039093
218685637
607064665
296040251
347750413
332288077
586946447
392283737
386645020
570364812
212286048
1028356591
1149685229
319962668
297342356
944326229
304522114
607064610
559797726
410118099
358356460
319976684
319976676
319976668
319962660
254810663
389656432
389656416
389656400
896684338
817524632
9627486
258611059
68304288
605281646
18138516
301173443
118129780
685511394
113200763
601448876
511534171
545302080
21326229
607064649
655454926
195661184
109390374
944326236
529217046
1236513832
1236512270
1215835572
1195007861
1147809840
1147809814
1098945504
1060285471
1059198254
1059198246
1059198238
1059198231
1059198224
1059198216
1059198207
392283758
392283730
922073265
959121882
948298196
765702648
530787707
556503837
538654784
512721866
470457140
470457100
448261100
448261092
379059601
363540896
363540888
189475225
389656424
389656408
161622648
386576350
731978946
731978932
731978925
429535814
389060482
601447879
302317577
733573621
757345490
944326217
944326211
944326205
944326200
944326194
944326186
803657583
803432009
803432004
803431999
803431994
635717098
747262159
303291528
303291522
733573614
733573629
732134023
731978919
700074998
542094470
430025795
430025782
430025777
393738580
564292821
441432838
288804632
326910936
159035665
394935469
1189489052
1215835280
1160548586
1160548579
1160548572
1160548092
1184245290
1173244434
1173244423
1119102219
1111374689
1098945515
1060285465
749717201
1028356570
817046758
697827624
803431989
897364561
897364552
817524613
727361106
700075023
744692761
744692672
731978952
430025820
430025815
430025810
430025805
700075241
548894527
440285326
440285320
440285314
440285308
440285302
440285296
440285290
313493538
21426071
1119035555
1046610992
323361056
1033321018
1033321013
947835242
947835227
555928277
555928275
555928273
555928271
555928269
555928267
555928265
555928263
555928261
555928259
307347001
307346999
307346997
307346995
307346993
307346991
307346989
307346987
307346984
307346982
517501610
517501601
517501593
517501583
517501569
517501551
517501542
517501532
517501521
517501509
517501503
520783028
520783009
520782995
520782982
520782976
520782970
520782962
520782953
520782943
520782935
520782927
307347003
1101511788
1101511787
992328950
992328949
992328948
992328947
992328946
992328945
992328944
992328943
992328942
896684349
704698631
663089939
514361128
498907917
115334607
938332203
817524621
116630443
116630439
605039105
476006921
330339438
71658851
15148076
1241824457
1159189046
1099188229
9635461
581976502
672550951
289163350
330370657
557745625
557745621
400354950
394922884
1236513826
1215835602
1215835595
1215835591
1215835580
1043372846
921138370
725548550
725548546
725548540
607069319
605039083
605039086
1248339980
1206255402
1192699365
1099188262
722176392
605039075
318082874
318069479
318069476
318069473
764162356
764162340
1043523484
1043523479
1043372883
1080157591
685497475
531967730
530787446
374674409
1189488900
1099188216
730966620
1005739119
470457071
347762078
347762073
386576359
302317866
226938554
222824550
289183404
1215959442
1215835298
1093605980
1063296178
1041566267
998246204
992073328
971762095
372204037
591398015
557940284
312126258
51949963
51949960
51593841
9628649
857241585
304422916
23343515
1013949517
741021140
807743910
602259856
565648325
1215835275
944543077
66476546
378554407
1093605973
1245682278
1115241238
1060285461
731978912
749717245
749717236
172088174
172088171
827047580
827047576
827047573
827047570
744692911
744692901
594140724
594140721
408354103
408354100
238890540
238890537
356491220
356491217
188531120
188531114
164682564
164607208
164607205
48696024
597941179
597941176
594139510
594139507
401829641
401829638
401829635
401829632
255237729
255237668
56699501
56699498
1189489120
1189489118
1189489075
1189489073
1188340315
1188340313
1188340311
1188340309
1188340307
1188340305
1188340303
1188340301
1188340299
1188340297
1188340295
1188340293
1188336120
1188336118
1188336116
1192699424
1192699422
1192699420
1192699414
1192699412
1192699410
1192699408
1192699401
1192699197
1192699195
1192699193
1192699191
1192699182
1192699180
1192699178
1192699176
1192699174
1189489094
1189489092
1189489085
1189489079
1189489077
38371727
38371723
38505525
38505523
38505527
188543036
1192699418
1192699406
1192699404
1021076707
1021076705
1021076713
1021076711
1021076703
730966688
730966685
730966682
1189489159
1189489157
1189489154
1189489152
1189489150
1189489147
1189489145
1189489142
1189489140
1189489138
1189489132
1189489130
1189489128
1189489116
1189489114
1189489108
1189489106
1189489103
1189489101
1189489098
1189489096
1189489163
1189489161
1189489126
1189489122
1189489090
1189489087
302596924
302596922
827882937
827882934
827882932
328550466
328550464
328545954
395406765
395406762
395406760
1150147206
1150147190
1150147188
1150147186
1150147170
1150147168
667699603
667699601
667699599
330464826
330444746
330444744
73852950
73852948
73921565
73921306
73921303
73919211
73919206
73919151
73919148
73919146
73919135
73919059
758967842
758967835
758899363
758899361
758899359
758899355
758899352
758899349
752901108
752901105
752901102
752901100
752901096
752901093
752901090
752901088
73919133
727361130
727361128
727361126
727361124
727361122
727361120
727361118
951885311
225676452
9635576
1206255392
1206255388
700075216
9635572
1150146974
1150146941
262166845
918020140
674269308
700074631
664651925
655454918
591398024
591398020
589892872
589892868
589892864
589892860
538602652
422933787
378554472
1126394423
1238898893
1236513804
1126394271
1126394268
255357299
855034439
590428184
667714408
410428374
410428373
410428372
380035083
345462124
1238818159
1132371329
635260761
619852653
60677687
218148631
90403548
1059198191
1007626122
1006610892
1148998700
387935512
237781146
27881469
428782081
118430707
1245709111
226377833
765702599
21397174
765702593
381333920
119952254
1152273750
24432113
1102616470
1057485909
1102621144
723633148
723633146
685511376
806981419
485191031
1035950658
475994049
658311446
1189488887
485191043
992073801
723633198
1217102358
20178632
1046610982
240114604
408355343
400354812
1189489037
1024325059
761719463
755573841
1135523695
1132371033
985583717
807743887
691326802
1211677399
691326822
1028356380
383081734
383080784
383080775
971745027
531967705
409188582
1215835447
971747905
971746735
971745655
971745446
1206255375
1132370269
1035950675
126030112
85667876
667489388
556333860
253750530
693764258
744692653
394935448
189313868
187251953
383081743
383080765
304633675
827882800
807743898
674660326
116536735
557745614
1206255395
1236513377
596458719
226823166
731188575
1021076701
1021076699
1021076697
1021076695
1021076693
1021076691
1021076689
1021076687
1021076685
1021076683
1236513823
1236513820
1150147009
1150147000
1150146995
1132372069
1132372061
1126394563
1126394561
1126394543
1126394244
1028356497
1043372828
1028356589
1028356587
1028356527
1028356524
1028356521
1028356518
1028356515
1028356512
1028356509
1028356506
1028356503
1028356500
1028356494
1028356491
1028356488
1028356485
1028356482
1028356479
1028356476
1028356473
751868610
751868607
751868604
751868601
750974578
608055536
608055521
607840603
1211677468
1211677465
1211677462
1147809852
1147809830
1147809826
1147809800
1236513391
1236513387
1211677287
1211677277
1211677272
1211677268
1126394292
1150147051
749706692
674547903
197085612
66391252
66391250
66391242
66391236
66391234
66391228
66391221
66391212
66391208
66391204
66391198
94676264
94717689
94676276
94676250
94676233
94676220
94676202
94676188
94676174
94676136
94676120
94676104
94676089
94676079
94676074
94676060
94676045
94676033
94676016
94676000
94675982
302317586
302317583
1134955766
1133406988
1149000326
1149000324
1149000322
1149000320
1149000318
1149000316
1149000314
1149000312
1149000310
1149000308
922073359
922073357
922073355
922073353
922073343
922073341
922073339
922073337
922073335
897364631
897364628
897364626
897364624
897364622
897364620
897364618
897364616
897364614
897364612
550455624
550455616
550455607
550455599
550455592
550455584
550455573
550455559
550455548
550455531
238801931
238801929
226423344
226423341
226423339
226423337
226423335
226423333
226423331
226423329
226423327
226423325
226423323
226423321
607840600
607840596
607840593
607840590
607069326
559797748
441431932
441431930
1031919436
922073327
922073316
922073310
922073304
922073302
922073299
922073293
922073287
922073284
922073272
922320922
761719683
422933996
550455633
1192699227
817524602
237642069
557307519
23334616
1035950745
9630378
229342011
302317862
268537545
71658845
338826803
601447520
1192699186
1192699185
1192699184
1192699169
1192699168
1192699167
1189488871
1189488870
1189488869
1188340291
1188340284
1188340282
1070619509
1070619507
1070619505
75905471
1192699417
1192699416
1192699403
985761540
985761538
985761536
1189489067
1189489063
1189489059
1189489136
1189489134
1189489111
1159189053
1159189051
1159189049
554505424
554505422
554505420
1072239046
1072239044
1072239042
1070640978
1070640973
1070640884
1070640879
1070640875
1070640871
1070640867
1070640697
1070640692
1070566371
1070566369
1070566367
1070107245
1070107243
1070107241
918020170
918020167
918020165
506614348
506614345
506614343
1189489083
1189489071
1189489069
1072290995
1072290993
1072290991
1150147218
1150147214
1150147212
1150147203
1150147193
1150147182
1150147177
1150147173
1150147166
1070067266
1070067264
1070067262
827047592
827047590
827047587
1072290981
1072290979
1072290977
1072290975
1072290973
1072290971
1072290960
1070640051
1070638763
1070619515
1070619513
1070619511
1070566363
1070566346
1052487890
1052487888
1052487884
948298188
948298185
948298181
948298172
948298168
948298164
1237089611
1236513340
1236513333
1236512260
1035950724
1153854568
952002251
1033320349
1033320347
953064066
953064063
953064061
953064059
953064057
953064055
953064053
953064051
953064048
953064045
953064042
953064039
952002249
952002246
952002243
952002240
952002237
952002235
952002233
951885293
951885279
951885268
951885257
951885230
951885220
951885199
951885186
951885174
635546950
635546948
635546946
635546943
700074770
667699578
667699573
584593351
253761971
188543030
188543025
346421290
148727234
82703944
9632270
1215835304
1211677365
1207372395
944542929
1160548599
1160548597
1160548595
1160548593
1159180913
1152273756
1147809764
1073690805
612400724
1041566263
684094904
684094898
1035966794
1188271352
1173244221
1147809659
226377835
254688376
1041156620
1041566265
394922808
229904919
481852723
584593349
1112884833
226377837
582973093
119952252
612064067
341926380
475994041
166851932
1132370793
406356611
685497472
269954645
1128332610
334285101
906476262
906475683
226377830
1044672729
1245682296
1245682290
1236513800
1147809904
1147809902
1147809900
1147809898
1147809896
1147809894
1147809879
1147809877
1147809875
1147809861
1147809858
1147809796
1147809790
1147809757
1147809752
1147809746
1147809741
1147809732
1147809729
1147809724
1147809719
1147809715
1147809710
1147809704
1147809684
1134955807
1134955805
1134955802
1134955800
1134955795
1134955793
1134955791
1134955788
1134955786
1134955783
1134955780
1134955778
1134955770
1134955768
1134955761
1134955754
1134955751
1134955748
1134955745
1134955742
1134955738
1134955736
1134955724
1134955720
1134955716
1134945843
1134784879
1134599871
1134599859
1134599846
1134599799
1134599784
1134599777
1132372093
1132372091
1132372202
1132372199
1132372197
1132372194
1132372191
1132372189
1132372185
1132372181
1132372154
1132372152
1132372150
1132372148
1132372146
1132372144
1132372136
1132372133
1132372131
1132372129
1132372103
1132372101
1132372099
1132372097
1132372095
1132372083
1132372049
1132372035
1132372033
1132372031
1132372027
1132372024
1132372016
1132372013
1132372011
1132372006
1132372004
1132372000
1132371998
1132371995
1132371991
1132371988
1132371985
1132371981
1132371977
1132371974
1132371971
1132371965
1132371958
1132371950
1132371947
1132371942
1132371937
1132371933
1132371929
1132371923
1132371920
1132371914
1132371912
1132371902
1132371899
1132371896
1132371891
1132371879
1132371876
1132371869
1132371867
1132371865
1132371860
1132371857
1132371855
1132371850
1132371847
1132371844
1132371842
1132371840
1132371837
1132371828
1132371826
1132371824
1132371812
1132371809
1132371807
1132371803
1132371799
1132371794
1132371784
1132371775
1132371771
1132371767
1132371577
1132371573
1132371569
1132371551
1132371548
1132371541
1132371535
1132371531
1132371526
1132371522
1132371520
1132371512
1132371509
1132371505
1132371501
1132371499
1132371493
1132371485
1132371482
1132371472
1132371466
1132371464
1132371455
1132371451
1132371449
1132371445
1132371439
1132371437
1132371434
1132371425
1132371421
1132371418
1132371415
1132371407
1132371402
1132371393
1132371386
1132371384
1132371379
1132371366
1132371364
1132371361
1132371356
1132371340
1132371332
1132371320
1132371316
1132371308
1132371303
1132371297
1132371291
1132371275
1132371270
1132371260
1132371249
1132371247
1132371242
1132371238
1132371225
1132371217
1132371212
1132371206
1132371201
1132371188
1132371182
1132371177
1132371173
1132371170
1132371166
1132371164
1132371157
1132371147
1132371141
1132371137
1132371134
1132371130
1132371126
1132371122
1132371115
1132371108
1132371104
1132371095
1132371091
1132371083
1132371077
1132371072
1132371064
1132371062
1132371054
1132371052
1132371044
1132371029
1132371027
1132371023
1132371014
1132371006
1132371001
1132370984
1132370975
1132370955
1132370933
1132370913
1132370910
1132370894
1132370888
1132370885
1132370876
1132370873
1132370854
1132370851
1132370844
1132370830
1132370826
1132370822
1132370813
1132370810
1132370805
1132370785
1132370775
1132370762
1132370759
1132370750
1132370746
1132370735
1132370709
1132370707
1132370696
1132370693
1132370684
1132370681
1132370677
1132370667
1132370664
1132370657
1132370648
1132370643
1132370640
1132370631
1132370628
1132370618
1132370607
1132370605
1132370594
1132370578
1132370572
1132370567
1132370557
1132370538
1132370534
1132370529
1132370523
1132370521
1132370512
1132370508
1132370492
1132370489
1132370476
1132370469
1132370465
1132370463
1132370458
1132370452
1132370447
1132370441
1132370437
1132370408
1132370405
1132370395
1132370392
1132370388
1132370386
1132370376
1132370373
1132370368
1132370366
1132370360
1132370357
1132370352
1132370350
1132370345
1132370342
1132370340
1132370336
1132370334
1132370331
1132370329
1132370321
1132370314
1132370308
1132370305
1132370296
1132370294
1132370287
1132370279
1132370275
1132370266
1132370264
1132350732
1132350730
1132350726
1132350724
1132350719
1132350717
1132350708
1132350706
1132350695
1132350682
1132350676
1132350232
1132350229
1132350227
1132350224
1132350220
1132350215
1132350210
1127298730
1127298728
1127298726
1127298723
1127298721
1127298718
1127298715
1127298712
1127298706
1127298701
1127298698
1127298692
1127298687
1127298685
1127298678
1127298676
1127298619
1127298612
1127298609
1127298603
1127298600
1127298594
1127298586
1127298573
1127298569
1127298563
1127298561
1127298559
1127298536
1127298525
1127298522
1127298516
1127298499
1127298463
1127298437
1127298425
1127298417
1127298401
1127298392
1127298390
1127298381
1127298378
1127298375
1126394591
1126394589
1126394587
1126394585
1126394583
1126394580
1126394577
1126394575
1126394573
1126394571
1126394556
1126394515
1126394506
1126394504
1126394502
1126394498
1126394496
1126394493
1126394405
1126394400
1126394385
1126394361
1126394355
1126394333
1126394324
1126394255
1125812077
1125812075
1125812073
1125812071
1125812069
1125812067
1125812065
1125812063
1125812057
1125812054
1125812052
1125812050
1125812048
1125812046
1125812044
1125812042
1125812040
1125812038
1125812036
1125812034
1125811907
1125811901
1125811898
1125811895
1125811889
1125811885
1125811882
1125811877
1125811870
1125811866
1125811862
1125811859
1125811856
1125811853
1125811850
1125811847
1125811844
1125811841
1125811834
1125811831
1125811825
1125811815
1125811812
1125811803
1125811800
1125811791
1125811787
1125811784
1125811775
1125811750
1125811747
1125811742
1125811739
1125811736
1125811728
1125811725
1125811722
1125811719
1125811717
1125811714
1125811711
1125811708
1125811689
1125802311
1125802309
1125802306
1125802297
1125801185
1125801179
1125801165
1125801147
1125788775
1124091260
1124091258
1124091256
1124091254
1124091252
1124091250
1124091248
1124091240
1124091238
1124091230
1124091217
1124091208
1124091198
1124090993
1124090991
1124090989
1124090985
1124090983
1126394536
1126394464
1126394456
1126394431
1126394428
1126394426
1126394382
1126394371
1126394344
1126394339
1126394311
1126394307
1126394297
1126394242
1126394236
1126394232
1126394111
1126394108
1125811892
1125811819
1125811808
1125811806
1125811798
1125811778
1125811773
1125811759
1125811745
1125811700
1125811698
1125801155
1125801134
1124091158
1124090972
1120706482
1215835635
1215835632
1215835616
1215835613
1211677432
1211677426
1211677423
1211677420
1211677416
1211677410
1211677391
1211677387
1194438708
1173244228
1173244219
1153854566
1153854564
1153854548
1095951417
1099188170
1095951400
1095951383
951885494
1043460589
1031919444
959121751
959121744
959121732
959121725
629633533
918020054
918020046
21557572
985760975
985760981
985760979
389656396
827047585
827047583
326439148
216906055
1134784876
1063657000
1063656994
1063296172
1063296169
946699740
501000388
501000384
262530255
262530253
855034451
674269318
746815424
441431941
441431939
441431937
441431935
282937675
262530250
190643480
387600886
255612555
9629210
1215835435
1178081722
1178081720
1178081718
1178081716
1132372166
1132372164
1132372081
1132372079
897364636
897364634
897364640
897364638
959121903
959121897
959121895
959121893
571137525
571137523
571137521
571137519
571137517
304373832
304373830
304373828
304373826
78762517
78762360
78762152
78761973
985760139
746815417
607064641
318054194
1098945496
1084358897
1080157589
1083218922
1081753774
1068359341
521967825
9626818
807743904
608309552
559797746
363987117
1127298413
1126394403
1125811782
1197398274
1125788702
62401661
81355155
80978942
20889325
947835218
947835205
1063296225
1063296215
21427662
21427660
21427658
20279567
20279565
14329173
14329171
14327711
14329174
1236513863
1236513861
1192699189
1192699172
1063296213
1063296211
1043460595
1043460592
1134955818
1134955816
1134955814
1134955774
1134955772
1063296219
1063296217
959121901
959121891
593773604
526246206
526246204
254728914
254728912
593773602
374504766
374504762
374504757
374504754
109240520
109240518
109240516
109240514
109240512
109240510
109240508
109240506
109240504
109240502
109240500
922073330
922073324
922073321
922073319
922073313
922073281
922073278
922073275
765702693
765702690
765702687
765702684
765702681
765702678
765702675
765702672
765702669
765702660
765702657
765702642
765702639
765702630
765702627
765702624
765702621
765702618
765702615
765702612
765702609
765702606
765702603
1063296176
1063296174
270358330
270358328
28261417
635260758
22417454
1063296157
1063296155
1063296153
1063296151
1052487874
1041566261
1041566255
1041566253
1041566251
1041566137
765702597
765702595
227122443
761719489
589287212
354951927
209571591
380877227
51949966
1037243180
1063296161
1063296159
1211677282
1012306342
1031919441
37595815
76253626
11125722
1046610990
655454922
1046610984
1245682281
1063296166
959121694
959121687
829596307
731978895
704698626
667699533
1147809847
1147809821
313493555
326425105
262396916
262396913
985761545
985761542
836692007
836593941
1150147025
1147809873
1147809871
1147809869
1147809866
1147809793
1147809788
1147809778
1147809772
1147809768
1147809748
1147809708
1147809693
1147809690
1147809686
1147809678
1147809673
1134599868
1134599856
1134599852
1134599848
1134599843
1134599840
1134599834
1134599831
1134599824
1134599821
1134599814
1134599809
1134599805
1134599803
1134599779
1134599193
1134599189
1134599183
1132372178
1132372176
1132372174
1132372172
1132372170
1132372168
1132372124
1132372122
1132372089
1132372086
1132372038
1132372019
1132371967
1132371952
1132371906
1132371884
1132371852
1132371835
1132371821
1132371796
1132371788
1132371765
1132371589
1132371580
1132371567
1132371556
1132371554
1132371538
1132371533
1132371528
1132371517
1132371507
1132371487
1132371476
1132371409
1132371351
1132371326
1132371294
1132371272
1132371233
1132371143
1132371101
1132371089
1132371066
1132371057
1132371008
1132370990
1132370969
1132370966
1132370953
1132370949
1132370946
1132370940
1132370937
1132370929
1132370927
1132370924
1132370922
1132370919
1132370916
1132370907
1132370904
1132370901
1132370892
1132370882
1132370879
1132370870
1132370868
1132370865
1132370862
1132370857
1132370841
1132370838
1132370819
1132370816
1132370808
1132370802
1132370798
1132370795
1132370791
1132370789
1132370773
1132370769
1132370765
1132370757
1132370753
1132370742
1132370740
1132370732
1132370729
1132370724
1132370721
1132370719
1132370716
1132370713
1132370705
1132370703
1132370699
1132370690
1132370687
1132370679
1132370675
1132370660
1132370652
1132370634
1132370623
1132370610
1132370600
1132370586
1132370581
1132370559
1132370551
1132370536
1132370504
1132370498
1132370443
1132370434
1132370431
1132370417
1132370403
1132370398
1132370390
1132370380
1132350679
1127298733
1127298695
1127298690
1127298683
1127298681
1127298673
1127298670
1127298667
1127298664
1127298662
1127298659
1127298656
1127298653
1127298650
1127298648
1127298645
1127298642
1127298639
1127298637
1127298635
1127298631
1127298628
1127298626
1127298624
1127298622
1127298616
1127298606
1127298597
1127298592
1127298579
1127298576
1127298557
1127298554
1127298549
1127298546
1127298543
1127298540
1127298531
1127298528
1127298502
1127298495
1127298489
1127298484
1127298480
1127298468
1127298461
1127298458
1127298455
1127298452
1127298450
1127298423
1127298420
1127298415
1127298410
1127298407
1127298388
1127298385
1126394538
1126394525
1126394518
1126394509
1126394476
1126394474
1126394472
1126394470
1126394468
1126394466
1126394419
1126394364
1126394347
1126394300
1125811794
1125811755
1125802303
1124091177
1124091170
1124091149
1124091138
1124090987
1124090981
1124090975
1126394565
1126394529
1126394527
1126394461
1126394417
1126394414
1126394411
1126394395
1126394388
1126394379
1126394376
1126394374
1126394368
1126394359
1126394353
1126394265
1126394263
1126394240
1125811822
1125811766
1125811731
1125811705
1125788694
1124091164
1173244452
1173244450
1173244448
1173244446
1063296227
1063296223
1063296221
746815419
985757043
959121899
959121888
959121692
959121690
17017957
17017954
896684346
827882790
674269329
674269327
674269325
674269323
674269321
