601447805
1028356550
1028356538
727071893
1236513829
1132372056
1028356534
608055521
807743919
727071852
727071846
954267937
1211677468
1043372830
95020638
386522853
408905853
9628900
937424908
402502230
328545949
326537255
1031919449
954268379
221048143
548558394
190336491
323363050
1073625515
1016776523
66576233
212499466
219552908
62326506
1016776528
27311166
9627204
684094908
561142803
1135523693
658307814
254728906
1133406996
148828648
693764272
85362699
21234419
20806069
55925641
1044672725
1044672724
512721854
1150146954
270358405
1119102217
408908118
154759349
944326259
944326251
226597568
226232349
148877238
571137515
509141932
71658841
18702397
409104126
985760975
1237408115
672550884
34303903
1245682305
1186435317
1021076591
1021076515
197944766
197944726
9626158
1125788697
345462093
1059198159
918020055
386522683
227122414
1215835541
363540913
1101511603
736366283
438000307
20069879
1033320873
529218053
556549034
334265679
1248339582
48843534
110645209
658310315
519904135
57790931
38638196
12084824
971753109
957801614
1189488906
820945149
56694721
656484226
1028356384
126882977
123318702
998246209
83642839
10140926
321496547
338209357
338209365
113200740
164429763
326631676
326631684
605039093
218685637
607064665
296040251
347750413
332288077
586946447
392283737
386645020
570364812
212286048
1028356591
1149685229
944326229
410118099
896684338
9627486
18138516
301173443
685511394
113200763
601448876
511534171
545302080
21326229
607064649
655454926
195661184
109390374
944326236
1236513832
1215835572
1195007861
1147809840
1147809814
1059198254
922073265
959121882
948298196
161622648
386576350
197085612
66391250
66391242
66391228
66391208
94676264
94717689
94676276
94676220
94676188
94676104
94676079
94676045
94675982
731978946
731978932
731978925
429535814
733573621
944326211
747262159
430025795
1215835280
1160548586
1160548572
1119102219
1098945515
700075023
548894527
440285314
440285308
21426071
1119035555
1134784876
1063656994
1063296172
746815424
282937675
306478697
308814346
213496074
1215835435
1033321018
1033321013
947835242
1178081722
1178081720
1178081716
1132372164
1132372081
1132372079
959121897
959121895
985760139
372204042
83700361
590428243
661027740
83700359
746815417
1160538446
521967825
71658858
71658856
1197398274
1125788702
1070107239
1070107229
255987650
482651011
482650993
947835218
1153854574
332290648
21427662
14329171
1236513863
1192699172
1192699170
1134955772
1063296217
959121901
167832335
1245682303
1215835538
1189489026
1013949529
374504766
374504762
374504754
109240520
109240518
109240516
109240508
109240502
1133406988
1149000326
1149000316
922073357
555928269
226423344
226423341
226423327
307347001
307346984
517501583
517501542
520782982
1101511788
1101511787
992328947
992328944
992328942
187765479
187765475
14993620
722158995
722158978
722158970
722158957
722158951
722158945
120407024
120407020
959121682
312274949
189043076
189043048
189022226
189022224
1028357015
1028356610
1028356598
258549721
258549715
728864353
728864351
343098564
343098557
1021076680
1021076678
1021076672
1021076668
1021076664
1247583680
1247583672
308928603
308928601
375298268
897364646
717728199
717728187
1238823748
1115242099
959121754
1041566257
1023176908
971755748
723265769
394935462
9628596
635717078
475994051
50080149
918020043
20889389
1063296163
959121709
831940247
312192953
295413944
770386164
803431984
295441908
295413915
1035950754
821316987
312234429
224504298
1211677457
1211677452
746815422
741021143
66391749
896684349
607840596
498907917
476006921
1241824457
9635461
581976502
672550951
330370657
557745621
1236513826
1215835602
1215835591
922073319
922073316
922073302
922073287
922073275
921138370
765702669
765702660
765702642
765702639
765702609
605039083
1248339980
1206255402
1192699365
1099188262
605039075
318069473
322840368
1243053820
1243053814
189178624
408355360
353212481
332290631
46393310
724734527
189426769
320202726
169803207
113972271
71658834
1245682284
190336519
1236513846
1099188243
971763594
1016470544
1119102234
1080157597
1080133814
1052487876
317453629
190336536
938338339
672550944
233799733
1033320856
229605058
529296147
194322731
532691875
189311148
404184289
404184255
386361875
315570366
1215959437
764162356
1043523484
1043372883
662023955
571797908
571797904
571797898
571797896
255961492
255961488
685497475
531967730
530787446
1189488900
730966620
1005739119
470457071
347762078
302317866
226938554
222824550
289183404
1215959442
998246204
372204037
591398015
312126258
51949963
51949960
857241585
23343515
1013949517
741021140
565648325
1215835275
1093605973
1041840725
223951472
985760966
749717217
749717180
749717119
675510793
582973385
582973379
605039172
605039102
1002805301
1046611136
1002805313
1002819067
326910948
326910944
1002819085
1189489120
1189489075
1188340295
1192699193
1192699191
1189489077
1192699418
1192699404
1192699186
1192699184
1189488869
1192699417
1192699416
1021076713
1189489067
1189489159
1189489150
1189489087
1159189049
554505424
1072239046
1072239042
1070640978
1070640973
1070640867
1070107241
918020170
506614348
506614345
1189489083
1189489069
1072290995
302596924
302596922
328545954
395406762
1150147218
1150147214
1150147212
1150147186
1150147170
1150147168
1070067262
827047587
667699599
1238823751
1236513330
1150147164
1101511781
1098945533
1039027691
332290590
113200752
700895628
658645608
674269312
1173199104
947834916
700075083
1206255449
1033320827
700085512
697424995
947835188
951885104
701219385
701219439
701219404
148283122
387935515
77124337
1192699262
1192699244
1192699392
946699534
83659771
1070619073
1070619066
947834932
701219332
393707876
701219366
1189489008
1189488998
1189488986
1189488976
1192699270
946699517
1189489030
1189489019
1189488889
1109182093
946699485
552558699
552558691
256535775
700074757
1192699383
1192699199
701219342
1192699374
701219319
700085525
1245682276
1070640318
946699509
700074610
1070621670
73852950
73921306
73919211
758967842
758899359
727361130
727361128
727361122
1072290981
1072290979
1072290975
1072290960
1070638763
1070566346
1063296174
1052487884
1237089611
1236513340
1153854568
951885311
953064059
953064051
953064048
953064042
952002240
951885279
109255260
667699578
188543030
9632270
225676452
1206255392
9635572
1150146974
918020140
655454918
589892864
422933787
1126394423
1236513804
1126394268
590428184
410428374
524005182
524005153
20177488
20177486
723274190
400354974
9632348
224808897
9632350
538602667
98960849
538602670
20143442
723274174
56692630
46393301
937425168
937425165
532565984
532565977
532565974
20178627
20178625
1238818159
635260761
218148631
90403548
1059198191
1007626122
1006610892
1148998700
237781146
27881469
428782081
118430707
160707859
530547424
218202718
352749709
115304324
918020145
686983180
72398362
242915933
30840968
395865409
1236513317
1215835304
1160548597
1147809764
635260758
1245709111
226377833
1147809659
765702599
226377835
254688376
1041156620
1112884833
765702593
381333920
226377837
119952254
582973093
119952252
1152273750
1102616470
1102621144
485191031
1035950658
1189488887
1217102358
240114604
400354812
1024325393
1200177892
512721858
1236513303
1033320337
725832255
348020285
1206255364
22417454
1236513353
1041566137
354951927
1037243180
1063296159
1211677282
1012306342
1189489037
1024325059
807743887
1211677399
1028356380
383081734
383080784
971745027
1215835447
971746735
971745655
971745446
1035950675
126030112
693764258
189313868
187251953
383081743
304633675
827882800
674660326
116536735
557745614
1206255395
612064067
341926380
475994041
166851932
1236513377
255987656
255987652
194351521
71480055
1188340274
1147809522
612400722
1160548570
937424717
776195611
555928175
1241765740
751868599
675510657
21426907
21328570
675510643
675510628
1188340276
612064063
738809355
488870550
1177221691
630365595
21335364
400354944
971761357
675510688
927371711
971762664
951885152
951885136
407868409
723633155
937424741
959121717
219547604
1206255373
393707874
1159189021
1150146957
584593333
402502237
1197508704
639162831
602259733
1186435303
612064074
1189489028
397776125
543145307
751868583
629633531
1070105494
557940294
1150146969
602259859
951885470
731978898
475195700
971767414
971767394
944542958
564614869
387970880
330444750
38639784
1125812061
1215835630
1215835606
1133406998
1133407013
937425157
937407786
1101511771
1241824454
590428211
212671448
1198410998
117413398
944542956
15808065
314998981
1060285481
401829579
803431956
239828769
404184187
393248211
318054196
259120449
18677787
18652416
18652414
554967333
1236513347
388570618
1033320845
386522667
319774833
664651923
557307417
1147809699
449265360
827047236
347762083
1236513311
1149000141
126010918
62327380
148717968
559797741
20087046
32469477
459642382
523587723
1126394225
749717105
723265767
456351080
1043460582
20806070
1173244223
1031919441
85677467
727361099
37595815
169803200
21728357
18652418
85718599
1183946430
662565991
76253626
1215835531
1115242057
944325882
156603882
14251190
313122763
156616260
1183989316
765702592
701219276
157939586
971762190
971750485
478755937
1046490007
723274152
330370654
1236512267
571350945
672550921
212681398
195546756
1215835515
1178041762
1183989322
11125722
334285101
326537265
1159189019
1093605976
985757640
212498904
11067737
459642392
459642388
339276123
906476262
1046610990
1197509005
9635449
9635246
9635453
9635440
667714415
30018258
19919941
19919949
19919944
1002883849
1002883848
1033320351
308125292
9629930
366091748
360040884
1192699162
807743914
537711871
723633150
355348571
1021076701
1021076699
1021076695
1021076689
1147809847
1147809821
313493555
326425105
226377830
262396916
985761545
836692007
1044672729
1125811759
1132372083
1127298659
1127298616
1132370643
1126394527
1125811901
1125801147
1132370476
1124091240
1132371303
1127298687
1236513823
1215835635
1215835616
1215835613
1211677391
1173244450
1150147009
1132372061
746815419
1028356524
1028356521
1028356515
1028356506
1028356485
674269325
284520907
589287134
90403509
478755948
448261113
71647259
227811306
257136433
1060285586
1103285880
146411811
971743462
75750386
448260147
51980126
971746106
23505445
408905827
431810834
28876381
18071213
1237089601
966201417
1103286006
1102845674
1102620447
563399370
1070619947
1070619057
1070215812
1070106021
1070103543
1070065575
1068512235
1068510864
1068359427
764161602
712912693
563397873
947834969
971761894
971745828
985760983
985769925
985761324
985759910
985757275
448259945
726646933
971848888
971820208
971820100
971819962
971819908
971819831
971765104
971764472
971763770
971752015
971749762
971746195
966199291
966197289
431809518
849251639
849252930
937533279
937456792
827047258
712913174
764161111
764159690
849250250
849248815
849121997
849120196
849119930
849060197
848469483
19548987
744692700
697424991
725950304
725950134
713322875
712915757
712915603
712912907
602993975
682123955
658310567
640883881
610583910
460042436
589287214
273809542
565323637
563448535
563398265
563397275
563397110
557307526
557307474
418488631
509141608
472437937
282599175
418488227
448245104
440789269
431811082
431810934
431810493
198449262
47835019
47777280
423262092
422937484
422936813
422936640
422936540
422935955
422934690
418489681
418489187
418486896
414090442
414090365
372199367
343960381
338826915
326804500
325170966
282598938
219523869
218457801
197261417
197261329
389060400
388570767
161617915
149882900
134288788
126010934
126010846
89158250
47842848
39653674
30027774
22091104
18249864
90592575
682123100
408905858
643218568
408905851
109393216
29566511
209901237
134287335
90592637
725949470
371670910
408905856
332672312
1102617856
849255230
9633494
971741501
281199644
1068357967
568191581
526118413
849248359
219681259
971766473
971750870
849253959
849250042
38707640
840030423
970580182
971757461
971745112
1070105658
46401626
1070125494
971761109
971741276
725948879
725948655
712912451
657184119
589286664
428782997
418487912
66394949
658607439
197322500
422935575
1068512036
557478762
408905855
66391255
158079296
456351087
1070097795
971740914
713322580
326536151
109289986
937456071
371671060
408905852
764159579
418488446
1160538435
525972083
1103695282
1102621083
347750411
1070105919
1070104532
1070102341
1070096627
1070065083
1068511714
1068358753
966201241
939482425
971755563
971752197
971748077
849255709
985760666
985759706
971821202
971765044
971763543
971757261
971756414
971750199
971749344
971746566
971744238
971743977
971743617
971743000
966198157
526178634
526178202
526177551
526177357
526177198
526176928
966201481
966199040
966198737
966198621
966198534
966198107
966197462
849254683
849119759
849251011
712916213
764161203
764161032
639163062
849256101
849255846
849254769
849254220
849122262
849060565
849060132
423261980
28876145
15320570
730966571
725950237
640885368
712915472
712913956
682123897
571798128
568191532
657201235
460042372
460042324
508178009
589893575
589286999
448245173
389060488
560186020
9633396
509141216
526244935
514051544
496838603
460042888
282599392
403225042
431809857
30387379
423262507
423262466
422934269
408905841
399528370
374531848
374531598
371496125
345461107
325171199
212499705
273810419
168983473
167600373
157311004
155370093
148747799
116221992
115304338
89152532
56692908
48697190
48697070
41179361
31415816
31415740
28876437
28876316
28876263
28876202
27151468
401723014
526177667
526176726
939535639
408905849
589892035
414090494
1070102046
640884439
282598847
119952179
1211145026
985760579
849255556
849120621
589891329
658310992
526003444
525972736
514052000
422935839
418489303
167583555
971754308
849255907
408905854
589892323
408905830
414087461
418487835
418487685
939482426
937456231
170783609
9632466
985761247
725949701
966200422
966198019
953358037
418487051
431810901
431810540
422935762
824479682
48696682
48696638
429315958
1070104669
1103285937
1102621438
1102620305
1102618849
1102618345
1102617758
1070619765
1070619425
1070105029
1070102140
1070101288
1070100724
1070099584
1070099229
1070097696
1070097550
1070067127
1070067054
1070065236
1070063831
1070063137
1070062912
1070062651
1068513146
1068511923
1068511236
1068510715
1068510505
1068359352
1068359264
1068359201
1068358687
1068358043
1068358008
1068357892
327198314
9635165
23455719
971765880
971763609
966198969
971754915
971752627
971748009
971747628
971743061
966198679
589893825
971747688
971754227
1006160387
971821719
971749401
971748146
985770099
985761041
985758859
985758637
985757724
422935796
971820155
971820044
971821573
971821447
971821246
971767272
971766686
971766223
971765337
971764964
971763169
971761602
971759803
971756876
971755460
971751647
971750798
971750132
971746899
971746468
971745462
971745044
971742259
526178330
526178095
526177981
526177866
966197801
939536071
939535479
937533119
937456155
643216961
589287388
764161128
849256041
849255373
849254631
849254459
849254115
849253890
849253362
849250823
849122411
844398545
744692776
824479753
589890395
764161995
23455771
14251125
13786531
13487801
13095891
13095862
13095805
13095743
13095658
9635677
725950513
725915949
658310458
712916052
712912802
712912354
651729515
640884271
589893762
589890545
608309541
602259735
397912605
658607810
658607635
588498308
588498242
509140090
589892883
658608029
658607984
658607934
658607886
658607762
658607716
658607305
658607202
658307707
658307174
589893512
589892765
589892611
643654978
643654857
643654590
643654468
589890759
589892984
589892708
589892197
589892139
588498646
399498678
110804020
509140844
560185957
538397808
557428123
526178036
543171355
543171309
526244872
509140039
526244816
514051665
509141289
509139878
509139383
509140939
414090203
514360972
472438250
472438181
472437218
472437676
444475874
431811043
431810358
431809730
431809676
257136356
77864625
422936732
422935424
422934297
422933946
418489849
418489788
418489383
418489109
414089985
408905848
408905843
408905838
408905831
374671600
374531244
372449800
372217586
371671341
359802265
358356850
356870838
338826857
333798107
327409390
327198098
327197843
327197584
326536847
326425018
213163898
209552419
208429855
207270774
200003956
170676276
282598772
282598706
281416434
254729462
238821317
229604969
225626377
222435670
219563197
195661200
190151415
393707861
392972710
389060322
388570630
388570316
168495103
157325422
157325365
157325284
157325217
157324960
157311135
157310906
149882781
148750834
146329912
126011062
119756985
118430724
115304270
109522567
89152530
89152479
77999988
91214206
77020137
77020112
66395965
66395450
56692568
48697258
46402086
45597386
41179287
41179217
33770508
32469420
30089861
30043925
29789895
22296522
21716072
20065963
16798783
13095680
399529040
399528633
399528538
399498862
238801880
971741768
764160499
194100609
29566975
194100514
109392353
109391846
109521840
109521758
29566193
119443652
41189515
29028667
1070102990
1070102700
1070100033
1070096648
1070065197
9628660
9627909
571798068
712912224
712912161
418488152
526177484
526177130
526177061
971766618
157311189
109522084
109392186
29566407
29565766
29566108
526176405
525972436
525972353
414090130
1102619596
109302753
29565879
29566284
593775445
157834972
119953625
38229112
215479976
215479924
939482395
374531645
148747798
38707890
17975161
589889262
358356445
966203887
423261846
375267221
373231359
937456977
937456909
525971974
565323599
849255303
273810554
476572429
371496268
971747936
971741675
12657854
9630386
372449733
388570523
109392453
9634155
9626243
148609382
971760483
971749586
970580007
682122904
255033713
356870677
356870600
53869480
31044225
399528579
971767067
971766373
971763968
640885073
29566737
157265412
157265294
658608099
658311331
408905826
849255742
849255497
849255443
849254407
849254357
849253308
849251848
849248986
849122467
849122151
848756435
543171632
543171587
543171540
543171447
543171401
543171262
408905846
408905847
408905844
408905842
408905840
408905837
408905836
408905835
408905834
408905833
408905829
148727082
109522776
298103485
281416490
281416323
281416213
431809796
62327085
331028054
372449904
643319045
392972768
388542659
89152531
399528702
971742339
849060471
273809728
168229273
66391759
23455848
281416385
9634626
29165635
9632937
9632893
971740648
971821996
971820787
609217069
568191126
9630125
985761090
1102616974
971740341
849253165
182682799
388570360
46401737
1102621504
971753555
422937620
971761483
971750344
18496886
431809464
66395656
47073736
215401108
66395588
66395508
1070100906
985760442
971743380
971742168
71834082
81343928
744692564
422935477
330858444
45686283
849251524
148734472
971741578
85701379
238695587
482849224
148727181
32128412
971762568
162135082
89155211
399528962
9632857
160688416
42495057
42494927
38639801
270281746
56692997
47131155
948298112
162329482
162329357
158267608
157929273
45655866
22122273
22122227
1002160190
1197509125
1197509074
1197509012
1197508946
1197508893
1063656926
9626510
90403473
159192286
211956446
38640276
530787679
48696991
1070640238
1068527287
1068527209
1068513072
1068331839
1068331764
971821641
971821509
971821384
9630710
526120135
89152533
66395164
985760708
971766983
971766291
971765403
971763680
966197262
149274319
32453825
18138397
22855221
22855198
22855216
22855193
17736958
22855209
223869191
223869186
22855204
17736965
17736952
269838911
23455823
30039743
26114633
725950579
209901313
56718463
526120121
9635478
9626232
9625381
9625557
514361032
9630761
9626109
160688402
20514675
332672294
45597171
9630747
9626316
9625366
514361131
358356470
327198628
118430711
70727678
52221121
49248521
19718349
9635467
363542401
238821372
156535141
526177323
176120924
9627904
9626425
431810287
431810239
113195172
