2.561496110330017117e+00
7.811932372661531954e-01
-9.326830231042836372e-01
-8.600109743430359721e-01
6.587790079673518928e-01
-1.115704867636647446e+00
-8.299929357302678889e-01
8.650889490692800221e-01
3.592184346751048363e-01
-6.661896540631232488e-01
-1.325092002507146205e+00
-4.160602502820053283e-01
6.200084146816430275e-01
1.318467245836025259e-01
5.350806055507217884e-01
1.517247971672846252e-01
5.965111963548292984e-01
-2.126596931731202789e-01
2.760599159680076631e-01
2.979564198880521042e-01
-5.502743323571057665e-01
5.876874550698168304e-03
-6.928846372195416325e-01
-1.282124183220457458e-01
4.956734363258746279e-01
-8.016817523537360379e-02
3.223417656707645573e-01
8.311509472499514217e-01
-6.683948377450756873e-01
-1.998772630398585881e-01
4.373320963012279905e-01
-4.734854249923161618e-01
2.943827800318933874e-01
-8.461282852276998945e-01
-2.254144248957307972e-01
-5.109445012018963839e-01
-9.498344063686805505e-01
3.251039608956656224e-01
-4.663018814614589003e-01
2.246067564711095865e-01
-6.030013065320034560e-01
6.481305432417664436e-01
-2.357220720209207143e-01
-9.956251933136083254e-01
-7.325984681956932976e-01
-8.452406708795522361e-01
1.148445835805247617e+00
-5.146803115035475384e-01
-4.222667757905547714e-01
