109240500
109240504
109240506
109240508
109240510
109240514
109240516
109289936
109289986
109302753
109302896
109390410
109391846
109392186
109392353
109392453
109521437
109521758
109522084
109522567
109522776
110645209
110804020
111118951
111146921
113200776
114067525
115304324
115334607
116221992
116536721
116536735
116630439
116734779
117530171
117676329
117949597
118430724
119443652
119756985
119943076
119952179
119952252
119952254
119953625
119953678
119964529
119967833
120407012
120407018
12085135
121614279
121614288
122809020
122891714
122891784
123318702
124249189
124300942
125860391
125999960
126010846
126010934
126011062
126030105
12657854
126640090
126882977
13095658
13095680
13095743
13095862
13095891
134288688
134288739
134288788
13487801
13786531
139472801
14251125
14329171
145708074
146329912
146411811
148283122
148609382
148717968
148724441
148727181
148727234
148747798
148747799
148750834
148828654
148828664
149274319
149882781
149882900
14993612
14993614
14993620
14993624
14993626
15081567
151266266
151266274
151266287
15320570
154814487
155370093
156447515
156603882
157102937
157102938
157265294
157265412
157310906
157311004
157311135
157311189
157324960
157325217
157325284
157325365
157325422
157738587
157834972
157929273
158079296
158267608
158345023
158518661
158997720
160688402
160700642
161617915
162135082
162290107
162329482
164607208
16507269
165970234
166197717
167006425
167006427
167006428
167600373
167600442
167832331
16798783
168480155
168495103
168983473
169257155
169257208
169257267
169794178
169822868
17017954
17017957
170676276
170778501
17313217
17426228
17570786
176120924
176120944
17736952
17736965
17975105
17975161
17981815
18138397
18249864
182682778
182682780
182682786
182682793
182682797
182682799
18450244
18496886
185357846
18652416
18677787
18702397
187251953
188531114
188543025
189043072
189043087
189311148
189418877
189427122
189427193
190151415
190336488
190336494
190336506
190336519
190336522
190336530
190336536
190336548
190336554
190643480
193061633
19352426
19387568
194100252
194100305
194100359
194100415
194100467
194100514
194100609
194172859
194186868
194268064
194351521
194351523
194351525
195546701
195546756
195661184
195661200
196049395
19718349
197261329
197261417
197322500
19744914
197935853
198449262
19919937
19919941
19919944
19919949
200003956
20065797
20065963
20143442
20177473
20177475
20279530
20330558
20330569
20340272
203449525
20373121
20386779
20386782
20386788
20514675
20530236
207270774
207271566
20806021
20806069
208429855
209363613
209427726
209552419
211956446
211998869
21234419
212499466
212499705
212671430
212928341
212928348
213163898
21326229
21335364
213496074
21397174
21426900
21426907
21427635
21427645
21427662
215401108
215401171
215479924
215479976
215480035
216905852
21716072
218457801
218685637
219523869
219552920
219552927
219563197
219681191
219681259
221048143
22122227
22122273
22128020
221328618
222435670
22296522
223869186
223951472
22417454
224504298
224808897
224923880
225626377
226202299
226232349
226377833
226377835
226423321
226423325
226596529
22681117
22681120
226823166
226938554
227122443
227811306
22854993
22855148
22855193
22855198
22855204
22855209
22855221
229342011
229604924
229604969
23343515
23395818
23455713
23455719
23455823
23455848
23505445
238695587
238801880
238821317
239740600
239740606
239828769
239830818
239830831
240017693
242346741
242915933
24371534
24432113
25140187
253756593
253761958
254688376
254728906
254728908
254728914
254729462
255033713
255252682
255961486
255961488
255961490
255987642
255987646
255987652
256352170
256535775
257136356
257136433
26114633
261420948
262396916
262530236
262530243
262530255
26553442
268053723
268529022
269838908
269838911
269954645
270281746
270281785
270281819
270358326
270358330
270358403
27151468
27311166
273809542
273809728
273810419
273810554
27573297
281306659
281416213
281416278
281416323
281416385
281416434
282598706
282598772
282598938
282599175
282599392
28261417
284520907
28867231
28867236
28876263
28876316
28876381
28876437
288966115
29028563
29028667
29135250
29243860
29251557
294661411
294872884
295413944
29565721
29565743
29565766
29566108
29566193
29566407
29566511
29566737
29566975
296005648
296005654
296040240
296040251
297342356
298103485
298200953
298200955
298200990
298201177
30027774
30039743
30043925
30065704
301173443
302315369
302317583
302317862
302393080
302425254
302596924
302861121
303291528
30387453
304360749
304373830
304422916
304443238
304522114
304633675
306478697
307346995
307346997
307346999
307347003
307715266
308125292
30840968
308814346
308814349
308928590
308928593
308928595
308928608
30984428
310286518
31044225
311788792
311788799
312126258
312234404
312274949
313139310
313139312
31343652
31415740
31415816
315506976
315570366
315573168
317160469
317160975
317160982
317453621
318054196
318065901
318069473
318069479
31880044
319774833
319976668
319976676
320202719
320202726
32128412
321958405
321961702
322867240
32453825
32469420
325170966
325171199
325171272
325961446
326425018
326425105
326536103
326536151
326536907
326537265
326633040
326804500
327197584
327197843
327197998
327198045
327198314
327198506
327409390
328550464
330339438
330858444
331028054
331271175
332288077
332290587
332290611
332290618
332290626
332290631
332290634
332290646
332308935
332308943
332308951
332672294
332925434
33300797
33300799
33300811
333595888
336042307
33770508
338826915
338827142
343098545
343098547
343098551
343098557
343098564
343960381
345461093
345461107
346421290
347762078
348020285
351518443
353212481
354951927
355348567
355348571
355469071
356870600
356870677
356870838
357580071
358025590
358356445
358356468
359802265
363542401
365824246
366091748
371496125
371496268
371670910
371671060
371671341
372199594
372199597
372204034
372204037
372217586
372220275
372449733
372449800
372449821
372449904
372449971
372450032
373231359
374504762
374504766
374531244
374531645
374671600
374674409
375267221
375267283
375294199
375298197
375298264
375298270
37595815
380877198
380877224
380877229
381333920
383080775
383081734
384519756
38505523
38505527
38638403
38639801
38640276
386522667
386522683
386522819
386576359
386644969
38707640
38707890
387600872
387935429
387935515
388260063
388542659
388570316
388570360
388570523
388570630
389060322
389060373
389060400
389060488
389581799
389581808
389656408
39163630
391738072
392283758
392972768
393186607
393707861
393707874
393707876
394922814
394922833
394922850
394922884
394935462
395406760
395406762
395865403
39653674
396587253
397912605
399498678
399498862
399528370
399528538
399528579
399528633
399528895
399528962
399529040
399529119
400354944
400354950
401723014
401829590
401829598
401829635
401829638
403225042
404184209
404184255
404184272
404184289
40549402
406356624
407868409
40804734
408355343
408355345
408905826
408905827
408905831
408905833
408905834
408905835
408905836
408905841
408905842
408905843
408905844
408905846
408905847
408905848
408905851
408905852
408905855
408905856
408905858
408908118
409104126
409188582
410118101
410428373
410428377
410428378
41057278
41057352
41179217
41189515
414086645
414089934
414089985
414090084
414090130
414090203
414090494
418486896
418487051
418487685
418487835
418487912
418488152
418488227
418488446
418488631
418488941
418489035
418489109
418489187
418489383
418489788
418489849
422933785
422933946
422934269
422934297
422934690
422935424
422935477
422935523
422935575
422935762
422935796
422935839
422935955
422936608
422936640
422936709
422936813
422937484
422937568
422937620
422937952
423262092
423262377
423262466
423262507
42494927
42495057
427082544
42794075
42794082
428782997
429315958
429535814
430025805
430025810
430025820
431809676
431809796
431809857
431810092
431810239
431810287
431810358
431810834
431810901
431810934
431811043
433660773
438000307
440285290
440285296
440285302
440285308
440285314
440285320
440382952
440382961
440789269
441432845
444475874
448244742
448245173
448261092
448261113
449147302
449147308
449265360
45390216
45429963
45429984
45597171
45597386
456351080
456351087
45686283
459642388
459642392
459642396
460041934
460042012
460042095
460042176
460042324
460042372
460042436
460042888
46358648
46359753
46401626
46401737
46402086
470457049
470457071
47073736
471236971
47131155
472437218
472437676
472437937
472438181
472438220
472438250
475195693
47566140
475994051
47842848
478755948
479336529
482650986
482650998
482651011
482677385
482677387
482849224
485191031
48696638
48696910
48697070
48697190
48697258
48843534
49237297
49246207
49248517
49248521
49487495
496838603
498907910
498907917
50058548
50080149
501000384
501000388
506614348
508178009
509139354
509139383
509139878
509140090
509140939
509141289
509141608
509141932
509142176
51236723
512721854
512965468
514051544
514051665
514360972
514361032
514361131
51557483
517501509
51980126
51980902
519904135
520782953
520782970
520782982
520783009
520783028
521967815
521967825
52221121
522834984
523587720
525971974
525972083
525972254
525972353
525972436
525972736
526003444
526118409
526118413
526120121
526120135
526176405
526176726
526176928
526177061
526177130
526177198
526177323
526177484
526177653
526177667
526177866
526177981
526178036
526178202
526178330
526178379
526178634
526244816
526244872
529153313
529154246
529217045
530323600
530323611
530323617
530787625
530787679
531967730
532565974
532565984
537711871
537711877
538397808
53851026
538602652
538602661
538602667
538654784
53869480
543145307
543171262
543171355
543171447
543171494
543171540
543171587
543171632
544395671
550455548
550455559
550455592
550455599
550455607
550455624
552558699
554505420
554967333
555928251
557307417
557307421
557307519
557307584
557307848
55733724
557428123
557745614
557940289
557940294
55925641
559797726
559797741
560185957
560186075
560186125
563397275
563397873
563398265
563399030
563399370
563399545
563448535
564293600
565323599
565323637
565648325
56692568
56692633
56692908
56692997
568190967
568191047
568191126
568191532
568191581
568191834
568192042
56900714
570033504
570033506
570033510
570033516
571137517
571137521
571137523
571350945
571797894
571797902
571797908
571797914
571797916
571798068
571798128
573007056
575768762
582973364
582973385
584593351
588498308
588498646
589286108
589286664
589286942
589286999
589287134
589287214
589287388
589889262
589890395
589890545
589890642
589890759
589891329
589891988
589892035
589892139
589892197
589892323
589892450
589892518
589892611
589892708
589892860
589892868
589892872
589892883
589892984
589893512
589893575
589893825
590428184
590428211
591398028
591398108
593773442
593773604
593774713
593776974
593777117
593777399
593778341
593779787
593779895
596403541
596403579
601447520
601448486
601448876
601449154
602259359
602259380
602259735
602993975
605039083
605039089
605039091
605039172
605281646
60677687
607064641
607069326
607840590
607840603
609253178
612064067
612064074
612184445
612184451
612400722
619852653
62327085
62327380
62327499
62327614
62362213
629633531
629633533
635546946
635546948
635717084
635717098
639163062
640883453
640883881
640884439
640884639
640885368
641406635
643216961
643319045
643654590
643654857
643654978
651729515
655454926
655454951
658307174
658307233
658307475
658307707
658307760
658310045
658310458
658310528
658310745
658310992
658311331
658607202
658607305
658607355
658607439
658607635
658607716
658607810
658607886
658607934
658607984
658608029
658608099
658609077
658609087
662023955
66391208
66391212
66391221
66391228
66391236
66391252
66391255
66391749
66391759
66394670
66394949
66395164
66395187
66395293
66395370
66395588
66395729
66395807
66395885
66396040
66396113
66396191
66396267
66396333
66396406
664651925
66476546
667699501
667699533
667699573
667699595
667699603
667714408
672550884
672550921
674269308
674269323
674269327
675510628
675510643
675510705
675510788
675510793
675510798
675510802
675510807
675510812
678222041
682122904
682123955
684094898
684094908
686983200
691326802
691326841
691326850
693764272
697403851
697424991
697827603
700074539
700074552
700074565
700074631
700074667
700074835
700074998
700075241
700085512
700895621
701219268
701219276
701219282
701219306
701219319
701219342
701219366
701219377
701447125
70727678
712912161
712912224
712912354
712912451
712912693
712912907
712913174
712913956
712915472
712915603
712915757
712916052
712916213
713322580
713322875
71647259
71658845
722158940
722158970
722158986
722176392
72257064
723265763
723265767
723265782
723274186
723633146
723633148
723633155
723633163
723633198
723633200
725548540
725832253
725948655
725948879
725949470
725949701
725950134
725950237
725950304
726646933
727071852
727071858
727071866
727071893
727071913
727071919
727361097
727361099
727361106
727361118
727361126
728864351
728864353
728864357
728864359
728864363
730966682
731978939
731978952
732134023
733573621
733573629
738838584
741021143
744692564
744692653
744692700
744692834
746815422
746815427
747262159
749706692
749717105
749717180
749717217
749717245
750974571
751868583
751868604
752901096
757345321
757345397
757345490
75750386
758899352
758899363
761719709
76253626
764159579
764159690
764160499
764161032
764161111
764161128
764161203
764161602
764161724
764161995
764162152
765536147
765536179
765702592
765702597
765702603
765702606
765702609
765702624
765702627
765702669
765702672
765702675
765702678
765702681
765702690
76803354
768809862
77020110
77020114
77020137
77020191
770386164
770386652
77118167
803431958
803431972
803431984
803431989
803432014
803657583
807743872
807743898
807743904
807743919
807743933
807743946
807743954
815729251
817524602
817524613
817524621
817524632
821316849
821316976
821316983
824479682
824479753
83571714
83642839
83700363
84663872
85362699
85718592
85813359
89152530
89152532
89152533
89155211
89158250
89885981
89888094
89888607
89888652
90403473
90592575
93007408
94675982
94676033
94676060
94676079
94676089
94676136
94676250
94676276
94717689
95116884
9625355
9625366
9625519
9625557
9625875
9626109
9626133
9626316
9626372
9626425
9626510
9626670
9627425
9627904
9627909
9628600
9628660
9629143
9629524
9629653
9629818
9630125
9630317
9630327
9630378
9630464
9630747
9630761
9632350
9632466
9632857
9632893
9632937
9633396
9633990
9634119
9634155
9634626
9634948
9634983
9635165
9635246
9635467
9635478
9635581
9635677
9635790
9910036