1464315691
1464315693
1464310509
1390625550
922073290
1464310502
212671430
1464310500
1327850238
1464306642
556333832
1464309985
1464308016
1344483881
1464306724
311788799
1464308156
31880044
226596529
1365293594
1344462938
712915997
1464308983
1464307011
1339972634
1328963781
1327848698
1464308903
1464315628
1464310369
1464306868
1464315626
1279751479
1368578818
1464315623
1276740184
1464309659
1464309792
589891766
1464309794
1464309796
1464306949
1464309798
1464307144
62327614
1250175393
1464309657
1464309553
1464307792
1464307023
1464307790
1464311295
1464307796
1464308997
1464311299
1464307028
1464309559
1464307894
1464310893
1464307890
1464307892
1464308182
423262377
1464308871
1373662041
1464308877
1464308875
1327850230
1464308972
1464308970
1464308976
1464308974
1132371495
1464307241
1464310115
1327850235
1464310054
1464310056
1464307246
1464310050
1464309729
1464310052
1464310058
1464315402
1464309874
1464309876
1347732211
1464307963
1464309878
1464307965
169936017
1464307802
1464309334
1464307805
372449821
162290187
1464307808
1327850194
1464309339
1464310800
1464308274
1464308276
1464308271
1464308379
1464310232
1464308377
1464310235
1464310602
1464310607
1464315336
1368571483
1347732223
1464306773
1390625479
1464310545
1464306685
1464315417
1464310423
1464315412
1464307740
1464309429
1464308113
1464307745
1464308095
1464309423
1464307749
1464309421
1464309427
1464306768
1464309425
1464311080
1464311129
1464309347
1464309345
1464311088
1464309349
1464307221
1464311124
1464310409
1464309973
333798163
23395818
712915418
1464315665
1464311064
1464315667
1327848973
1464315702
1464309437
1327848975
1408257585
1464315463
1327848979
1408257589
1464315467
1464315465
1464309519
1464308188
1464309517
1464309515
1464309513
1464309699
1464309511
33300807
1390625513
1327848992
1464309880
1464308386
971821875
847897049
1464309851
1464308932
1070107019
28173057
1464309769
1464310012
1464309012
1464310015
1464309761
1464307523
1464307525
1408257452
1464309767
1464311268
20530234
1464309569
20530230
20530232
1464309563
1464309561
1464309567
1464306534
1464315365
1464309017
1464307847
1464307844
1464307841
1464306799
725949165
1464310445
1464306834
568191834
1327850259
394922833
593775934
1464310160
985757644
1464310163
1464310086
414089586
1464310084
1464310082
1464310080
1464309900
1464309902
1464310744
394922850
1464309908
410428377
1464307931
1464308224
1464309308
1464307832
1464307938
1464307823
1464307835
1464311167
1464310837
939482337
1464308208
1464310830
1464311160
1464308204
1464310344
1464310346
1347731937
1347731939
1464309020
1368578878
372450032
1464309790
1464310511
1464310513
1464310515
1464306996
1464315426
1464309991
1464308023
1464306651
1464309994
1464308029
1464307711
1464306717
1464306710
1464308216
1347731917
1464310714
1464309417
1464309415
1464309419
1357623086
1464310712
422937778
1347732194
1464311115
374531742
1464309811
1464311237
1464311234
1464306994
1464307018
971821933
1464315636
1464315634
1464315638
1398331195
1464307154
556333787
1464309526
1464308986
1464309524
1464309522
1464307878
1390625543
1327848963
1464307393
1464307794
414087713
310286518
1464308963
1464307799
922073307
556195180
1464310048
124300942
270281785
1464310129
1464310046
1464309047
1464310044
1327850232
1464308058
1464309738
1464283243
394922814
1464307075
1464307977
1464315391
1464307876
1464308249
1464307874
1464307872
1464307179
609216850
1464308242
556333809
1464308246
1464310384
1464310380
1464310382
1464310223
1464310221
1464307888
1464315329
372199597
1464310633
1464307882
1347732217
1464315321
1464310639
1464307884
1464306690
1464306696
1327850240
1327850242
1464310417
1253468139
1464310411
1464306756
1464310413
1464308106
1464307909
1464309892
1464309890
1464309459
1464309456
1464309454
1464309452
1464307907
1464309450
1464307905
1464310869
1464311095
1464309355
169257155
1464310900
1464309359
1464310863
1464307886
1464310708
1464307111
1464309863
1464310701
1464309861
1368578800
1390625573
1327850249
1464311073
1408257591
1464306629
1408257597
1464309683
1464309681
1464308879
1390625473
1464307721
1464308177
1464308174
1464307725
1299056276
93007408
1390625505
327198506
1464311209
1464308062
1408258530
1464310088
1464311206
1327850245
1464308925
1390625484
1347732171
1390625481
1327850247
1390625489
1464309007
1464310003
1464309779
1464310000
414088056
1464309773
1464309771
1464307231
1464309677
1464306624
1464307127
1464308083
1464309671
1464309571
62362213
1390625477
1390625475
1464311270
39980679
1423503673
1464307751
39980672
1464308100
1464315358
46358648
1132371881
356870794
1464306838
1464310672
1394370191
1464310678
557307672
1464310072
1464310070
1464309709
1464310076
1464307226
1464310074
363539522
1464309703
1464310078
1464309701
1347732204
1464309705
1464310753
1464310906
1464310751
1464310699
1464309854
190336465
332308943
1464309859
1464309353
1070099636
1464307829
1464307945
1464309912
1464307820
1464309317
1464307826
1464308212
1464309357
1464310823
1464310358
1464310356
1464310354
1464310352
21426900
1464310350
1340296583
1464310214
332308939
58532811
332308935
1464315415
1347731929
712915364
1464307521
1464310521
1464310523
1464306703
612184451
1464308137
1464315439
557307848
556333776
744692834
169257208
1464310955
1464311101
1464309918
1464310595
1464311108
1464309910
1464309916
573007056
1464309914
1464311247
1464311244
20530224
148724443
1464306840
1464306842
1347732184
1347732187
1275545796
1327848955
1464310250
1464315649
1327848959
148828664
1464307169
1464307000
556333796
1274080351
1464309535
1464309537
1464309531
1464307733
1464309533
1408259612
1464309539
1390625533
1464307182
1464308200
1464307186
556333844
1464308956
1250175387
1464310137
1464309665
1464310135
1464310133
1464310131
1330355627
194100415
1464309746
1464309744
1464309742
1464306998
1464309740
1464308889
1464307788
1464307249
1464309748
1464308881
723265782
1328406498
1464307984
1328406494
1328406496
1464315382
1328406492
1464307861
1464308259
1464308255
1464307786
1464308251
1464310780
1368578885
1464310783
1464310786
1298444827
1464310627
1464307781
859386350
414088509
1464315317
1464315319
1464307211
1464307216
1408257594
1464309922
1125801175
1464309920
1347732236
1464309927
1464309924
1464310762
1327850256
1464310760
1327850254
1327850251
1464310765
1464307919
1464309884
1464309886
1464309448
1464309882
1464307911
1464309444
1464307913
1464309446
1464309888
1464309442
1464309364
1464309367
1464310858
1464311148
1464309362
1464310912
1464311145
1464308220
985760522
1464309369
1464310852
1464308076
332304382
1464310275
509139354
1464310718
1464310716
1464310242
1464310498
1464309813
1464309958
1464306762
1390625562
1464315685
1464315689
1327850228
331027904
1464306636
1464308008
1408257448
1464306733
1464315447
658310528
1464308001
612184445
1464308163
1464307735
1464307737
1464308168
1464308149
1365293583
1327848988
1327848981
1464308918
1464311218
1132371479
1464307706
1464308911
1464311212
1464311215
1390625495
1390625494
1390625491
1390625493
1464306813
1464306815
1464309783
1464307139
1464309781
1464309787
1464309785
1250175386
1408257435
1464311282
1464311280
1464309661
1464308090
1464309663
1464307784
20530238
1464311288
1464309669
1464309541
1070097987
1464310194
1421768899
556333821
1464307201
20087062
1464310664
332308951
1464310108
1464310106
1464310104
1464310102
1464310100
1464310668
1464307256
1464307838
1464307743
1464307252
1347732177
1464310066
1464310068
1464309712
1464309715
1464307258
1347731941
1390625486
1464310720
190336479
1443042568
190336474
1464307747
414089228
190336471
593779787
1464309323
1464307950
1253470951
1464309329
1464307817
1464307811
1464310816
1328406500
1464308264
1328963779
270281819
1464307254
1464315343
1347732230
1464315347
1464315345
712915691
1464310530
1464310537
295441838
1464310539
1464306674
1464306672
1464306670
1464306776
189009876
1464308129
1464307778
1464306771
1464307775
327415370
1464307772
1463319397
1464311119
1464309431
939536926
589891555
1464311134
1464309967
1464309964
1464307002
372293674
1464311139
1464311254
1464311257
1464311250
1464311252
1464311259
1464306856
1464315656
1327848967
1464315710
1464315658
1347732198
1464309509
1464307175
1464308052
1464309501
1464308192
1464309503
1464309505
1464308196
1464309507
169257267
1464306992
1390625523
1464289564
1464289566
1464306990
1464289562
1464307191
1464289568
1464307196
556195176
1464308940
971767318
1464309440
49487497
1464308948
556195178
593774713
1464309061
1464306821
1464306825
1464310024
1464309002
1464310021
1464309755
1464309757
20530226
1464309750
1464307104
1464309752
1464308896
1464309759
1464307995
593778341
1464310009
1464308236
414088861
1464310793
1464307037
1328406502
1464310098
331028007
1464310157
1464310090
1464310092
1464310094
1464310096
1464307206
1132370613
351518443
509142176
1464311278
1464310774
1464310777
1328406490
1408257600
1408257603
1408257602
1464310348
1464309373
1464309371
372449971
422936140
1464310843
1464308238
1464311174
1464311176
1464311179
1464308232
1464310378
1464310376
1464309809
418488936
1464309804
1464309806
1464309800
1464309802